0.041504
0.938965
-0.015137
0.041992
0.941895
-0.02002
0.040527
0.939453
-0.004395
0.021484
0.946289
0.007813
-0.000977
0.951172
0.033691
-0.006348
0.955078
0.038574
0.001953
0.959473
0.035156
0.013672
0.958984
0.030273
0.02832
0.941895
0.04541
0.028809
0.934082
0.06543
0.03125
0.932617
0.061523
0.022461
0.950684
0.045898
0.012207
0.980957
0.030273
-0.011719
1.030273
0.016113
-0.049805
1.101563
-0.004883
-0.062012
1.206543
-0.023926
-0.062012
1.338379
-0.082031
-0.003418
1.433594
-0.068848
0.05127
1.542969
-0.080078
0.112793
1.642578
-0.057617
0.143066
1.717773
-0.056641
0.214355
1.733887
-0.000488
0.168457
1.784668
-0.025879
0.005371
1.76416
-0.066406
0.382324
1.40918
0.092285
0.084961
1.48584
-0.066406
0.019531
1.370117
0.075684
-0.02002
1.218262
0.022949
0.008789
1.071289
0.023926
0.074707
0.865234
0.03125
0.166504
0.558594
0.166016
0.17041
0.294434
0.261719
0.159668
-0.055664
0.342773
0.077148
-0.488281
0.477051
-0.045898
-0.90625
0.528809
-0.041992
-1.344727
0.490723
-0.066895
-1.5
0.168945
-0.311035
-1.393555
0.099609
-0.374023
-1.165527
-0.23291
-0.281738
-0.795898
-0.561035
-0.25293
-0.282715
-0.707031
-0.560059
0.294922
-0.550781
-0.056152
0.60791
-0.445313
-0.220703
1.385742
-0.575195
-0.286621
2.049805
-0.48584
-0.509766
2.834473
-0.45752
-0.720215
3.671875
-0.237793
-0.541504
3.894531
0.421875
-0.23584
3.73877
0.68457
-0.037598
3.628418
0.473633
0.036621
3.54248
0.055176
0.066406
3.334473
-0.19043
-0.010254
3.029297
-0.360352
-0.202148
2.607422
-0.103516
-0.336426
2.280273
0.038574
-0.401855
2.009277
0.265137
-0.351563
1.782715
0.396484
-0.226563
1.573242
0.497559
-0.150879
1.463867
0.503418
-0.056152
1.312988
0.489258
-0.101563
1.206055
0.458008
-0.137695
0.985352
0.39209
-0.202637
0.817383
0.347656
-0.271484
0.708984
0.399902
-0.325684
0.526855
0.283203
0.066406
0.244141
0.306641
0.174316
0.308594
-0.09668
0.169922
0.368652
-0.151367
-0.005859
0.404785
0.000977
-0.074707
0.370605
0.199707
-0.063477
0.434082
0.259277
0.050293
0.552734
0.174316
0.186035
0.629395
0.040039
0.275391
0.623535
-0.022461
0.229004
0.645996
-0.023926
0.15625
0.644531
-0.000488
0.200195
0.582031
-0.010742
0.260742
0.55957
-0.064941
0.284668
0.582031
-0.083984
0.32666
0.608887
-0.092285
0.374512
0.585449
-0.054688
0.40625
0.561035
-0.023438
0.405273
0.475098
-0.007813
0.400391
0.355469
-0.012207
0.37793
0.256836
-0.036133
0.335938
0.196777
-0.084473
0.328613
0.094238
-0.150879
0.329102
-0.003906
-0.186035
0.323242
-0.09668
-0.200195
0.28418
-0.193848
-0.220703
0.224121
-0.305176
-0.247559
0.145508
-0.458496
-0.283691
0.06543
-0.65625
-0.371094
-0.031738
-0.866699
-0.495117
-0.125977
-1.072754
-0.659668
-0.275879
-1.266602
-0.776855
-0.425781
-1.404297
-0.86377
-0.605469
-1.412598
-1.012695
-0.576172
-1.491211
-0.98291
-0.481934
-1.519531
-1.020508
-0.407715
-1.541992
-1.055176
-0.434082
-1.662598
-1.007324
-0.518066
-1.549805
-0.805176
-0.650391
-1.362793
-0.452148
-0.86084
-0.92627
0.186035
-1.193848
-0.236816
0.864746
-1.325684
0.686035
1.59375
-1.42627
2.028809
2.024414
-1.395996
3.49707
2.253418
-1.17334
5.000977
2.245605
-0.722168
6.32373
1.996582
-0.125977
6.975586
1.711426
0.282715
6.915039
1.269531
0.305664
6.399902
0.806641
-0.001953
5.644531
0.413574
-0.27002
4.774414
0.219727
-0.33252
3.933594
0.259277
-0.213379
3.350586
0.34375
-0.154297
2.90918
0.417969
-0.185059
2.488281
0.503418
-0.316895
2.141113
0.488281
-0.348145
1.836426
0.446777
-0.333984
1.678711
0.380371
-0.24707
1.535156
0.405762
-0.193359
1.413086
0.515625
-0.133301
1.27832
0.677246
-0.091309
1.15625
0.759277
-0.04541
0.996094
0.741211
-0.024414
0.885742
0.681152
0.009766
0.773926
0.622559
0.024414
0.657715
0.553223
0.010742
0.555176
0.499023
0.020508
0.449219
0.459473
0.024414
0.351074
0.427246
0.018555
0.304688
0.402344
0.030762
0.296875
0.36377
0.063477
0.295898
0.277832
0.074707
0.259766
0.182129
0.053223
0.215332
0.122559
0.023438
0.174805
0.089844
0.020996
0.121094
0.064453
0.035645
0.083496
0.041992
0.015137
0.092773
-0.025879
0.026367
0.079102
-0.125488
0.052734
0.070313
-0.20752
0.067383
0.058105
-0.248047
0.063477
0.074707
-0.267578
0.067383
0.041992
-0.298828
0.078125
0.006836
-0.332031
0.070313
-0.009277
-0.370117
0.061035
-0.026367
-0.414063
0.068848
-0.047852
-0.437988
0.075195
-0.04248
-0.45752
0.077148
-0.030762
-0.483398
0.080566
-0.062012
-0.499023
0.063965
-0.109375
-0.474121
0.033203
-0.156738
-0.446289
0.029785
-0.202637
-0.445313
0.036621
-0.233887
-0.460938
0.04541
-0.275391
-0.45459
0.033203
-0.306641
-0.414551
-0.001953
-0.369629
-0.398438
-0.088379
-0.452637
-0.473633
-0.197754
-0.578125
-0.602051
-0.310547
-0.712402
-0.705566
-0.375488
-0.925781
-0.767578
-0.405762
-1.137695
-0.824707
-0.328125
-1.404785
-0.85498
-0.085938
-1.811523
-0.827637
0.155762
-2.366699
-0.786133
0.147461
-2.975586
-0.701172
-0.3125
-3.131348
-0.60791
-0.874512
-3.007324
-0.470703
-1.435059
-2.44873
-0.108398
-1.837891
-1.795898
0.745117
-2.424316
-0.606445
1.731445
-3.345703
1.430176
2.152344
-4.140625
4.303711
1.90625
-3.97168
6.970215
1.606445
-2.827637
8.698242
1.106445
-1.175781
9.229004
0.72168
-0.290039
8.859375
0.086426
-0.335938
7.937012
-0.389648
-1.005371
6.589355
-0.629883
-1.454102
5.006836
-0.354004
-1.468262
3.66748
0.203125
-1.364258
2.96875
0.524902
-1.04834
2.773438
0.618652
-0.571777
2.82373
0.626953
-0.245605
2.834473
0.626465
-0.20459
2.705566
0.722168
-0.386719
2.450684
0.875
-0.497559
2.116211
1.04834
-0.487793
1.821777
1.10791
-0.330078
1.495117
1.115723
-0.203125
1.183105
1.039063
-0.147461
0.903809
0.97998
-0.136719
0.663086
0.95459
-0.145508
0.481934
0.95166
-0.111328
0.333984
0.973633
-0.074707
0.223633
0.962402
-0.048828
0.108398
0.926758
-0.058105
0.002441
0.848145
-0.081543
-0.098633
0.740723
-0.10791
-0.189941
0.605469
-0.121582
-0.25
0.445313
-0.120117
-0.288574
0.290039
-0.128906
-0.315918
0.158203
-0.151855
-0.304688
0.047363
-0.161621
-0.287109
-0.033203
-0.161133
-0.259277
-0.109863
-0.138184
-0.229004
-0.16748
-0.117188
-0.214355
-0.249512
-0.109375
-0.219238
-0.361328
-0.113281
-0.251465
-0.479004
-0.112793
-0.265137
-0.57666
-0.123535
-0.299316
-0.652344
-0.130371
-0.345215
-0.674805
-0.144531
-0.36084
-0.669922
-0.130859
-0.373535
-0.687988
-0.094727
-0.40625
-0.722168
-0.090332
-0.432617
-0.76709
-0.117188
-0.453125
-0.800293
-0.168457
-0.46582
-0.833984
-0.190918
-0.472168
-0.835449
-0.198242
-0.448242
-0.809082
-0.206543
-0.428223
-0.772461
-0.196777
-0.413086
-0.695313
-0.203613
-0.408203
-0.630859
-0.230469
-0.427246
-0.596191
-0.245605
-0.505371
-0.572266
-0.276855
-0.613281
-0.518066
-0.29834
-0.749023
-0.435547
-0.297363
-0.873535
-0.364258
-0.27832
-1.086426
-0.352051
-0.234863
-1.443848
-0.388184
-0.312988
-1.756836
-0.438965
-0.498535
-1.965332
-0.496582
-0.742188
-2.06543
-0.597656
-0.868164
-2.209961
-0.622559
-0.929688
-2.266602
-0.446777
-1.273438
-2.206055
-0.395508
-1.958008
-2.161133
-0.027344
-2.797852
-1.422363
0.648926
-3.632813
-0.064941
1.474609
-4.428223
2.030762
2.268555
-4.911133
5.126953
2.503906
-4.013672
8.703125
1.694824
-1.36377
10.973633
1.188477
1.300781
10.64502
1.010254
1.364746
9.34082
0.329102
-0.288086
7.810059
-0.630371
-1.695313
5.83252
-1.112793
-1.67627
3.651367
-0.749512
-1.383301
2.452148
-0.060059
-1.427734
2.574707
0.005371
-0.953125
2.867188
0.382324
-0.451172
3.199707
0.73877
-0.277832
3.254883
0.973633
-0.455566
2.895996
1.038086
-0.760254
2.357422
0.92334
-0.76123
1.79248
0.831055
-0.521973
1.359375
0.80957
-0.333008
1.030762
0.751953
-0.30957
0.677246
0.749512
-0.352051
0.472656
0.741699
-0.296387
0.455078
0.72998
-0.183594
0.526367
0.708008
-0.016602
0.507813
0.783203
0.02832
0.496094
0.854004
-0.018555
0.494629
0.838379
-0.060547
0.457031
0.739258
-0.050293
0.398926
0.620117
-0.009277
0.366699
0.540527
0.01123
0.339355
0.496582
0.012695
0.299316
0.48584
0.019531
0.276855
0.464844
0.01709
0.297852
0.411621
0.030762
0.305176
0.319824
0.060059
0.282715
0.236816
0.046875
0.266113
0.121582
0.04834
0.20166
0.055664
0.016113
0.123047
0.013672
-0.041504
0.067871
-0.011719
-0.11377
0.115234
-0.077637
-0.085938
0.17041
-0.160645
-0.012695
0.177734
-0.21875
0.057129
0.157715
-0.222656
0.052246
0.127441
-0.219727
-0.025879
0.051758
-0.252441
-0.071777
-0.076172
-0.307617
-0.112793
-0.212402
-0.404785
-0.09668
-0.343262
-0.49707
-0.028809
-0.402344
-0.563965
0.045898
-0.416016
-0.570313
0.097656
-0.42334
-0.508789
0.101074
-0.462402
-0.426758
0.076172
-0.512207
-0.376465
0.085938
-0.556641
-0.383301
0.092285
-0.58252
-0.384766
0.067383
-0.604004
-0.335938
0.027832
-0.630859
-0.226563
-0.011719
-0.659668
-0.101563
-0.047852
-0.691406
-0.003418
-0.072266
-0.742188
0.04541
-0.060059
-0.797852
-0.026855
0.05127
-0.872559
-0.187012
0.245117
-0.98584
-0.453613
0.289551
-1.290039
-0.877441
-0.036133
-1.651367
-1.44873
-0.638184
-2.098145
-1.916016
-0.994629
-2.666504
-1.713379
-1.442383
-2.822266
-1.721191
-1.53418
-3.054199
-1.085449
-2.291992
-2.679199
-0.231445
-3.323242
-1.397949
1.093262
-4.621582
1.108398
1.470215
-5.540039
4.797852
1.411133
-4.845215
8.75293
1.358398
-1.885254
12.123535
-1.082031
2.02832
11.137695
0.021973
1.904297
9.463379
-0.42627
-0.806641
8.566895
-1.412109
-2.483887
6.562988
-1.916992
-2.057129
3.941406
-1.475586
-1.478027
2.238281
-0.311523
-1.07666
1.82373
-0.217773
-0.702637
1.929199
0.298828
-0.299805
2.19873
0.840332
-0.142578
2.469238
1.115723
-0.231934
2.35498
1.217285
-0.439941
2.070801
1.03125
-0.433105
1.634766
0.827637
-0.226563
1.177734
0.708496
-0.077148
0.874512
0.64209
-0.083008
0.64209
0.674805
-0.122559
0.509277
0.739746
-0.088379
0.472168
0.72998
-0.001953
0.528809
0.639648
0.075195
0.574219
0.533691
0.092773
0.538086
0.507324
0.040039
0.494141
0.520508
0.011719
0.434082
0.536133
0.020996
0.405762
0.508789
0.046875
0.421387
0.441895
0.077148
0.432617
0.390625
0.092285
0.404785
0.372559
0.087402
0.394043
0.376953
0.058105
0.411133
0.341797
0.092285
0.365723
0.302246
0.103516
0.324219
0.24707
0.087891
0.26123
0.177734
0.070801
0.188477
0.118652
0.037109
0.137695
0.048828
0.054199
0.07666
-0.000488
0.068359
0.016113
-0.054688
0.075684
-0.054199
-0.098145